# z w_eff(z) cs2_fld(z)
0.00010000 -2.10811959 1.00000000
0.00010351 -2.10811501 1.00000000
0.00010714 -2.10811489 1.00000000
0.00011091 -2.10811477 1.00000000
0.00011480 -2.10811464 1.00000000
0.00011883 -2.10811451 1.00000000
0.00012300 -2.10811438 1.00000000
0.00012732 -2.10811424 1.00000000
0.00013179 -2.10811409 1.00000000
0.00013641 -2.10811395 1.00000000
0.00014120 -2.10811379 1.00000000
0.00014616 -2.10811363 1.00000000
0.00015129 -2.10811347 1.00000000
0.00015660 -2.10811329 1.00000000
0.00016210 -2.10811312 1.00000000
0.00016779 -2.10811293 1.00000000
0.00017368 -2.10811274 1.00000000
0.00017978 -2.10811255 1.00000000
0.00018609 -2.10811234 1.00000000
0.00019262 -2.10811213 1.00000000
0.00019938 -2.10811191 1.00000000
0.00020638 -2.10811169 1.00000000
0.00021363 -2.10811145 1.00000000
0.00022112 -2.10811121 1.00000000
0.00022889 -2.10811096 1.00000000
0.00023692 -2.10811070 1.00000000
0.00024524 -2.10811043 1.00000000
0.00025385 -2.10811015 1.00000000
0.00026276 -2.10810987 1.00000000
0.00027198 -2.10810957 1.00000000
0.00028153 -2.10810926 1.00000000
0.00029141 -2.10810894 1.00000000
0.00030164 -2.10810861 1.00000000
0.00031223 -2.10810827 1.00000000
0.00032319 -2.10810792 1.00000000
0.00033454 -2.10810755 1.00000000
0.00034628 -2.10810717 1.00000000
0.00035844 -2.10810678 1.00000000
0.00037102 -2.10810637 1.00000000
0.00038405 -2.10810595 1.00000000
0.00039753 -2.10810552 1.00000000
0.00041148 -2.10810507 1.00000000
0.00042593 -2.10810460 1.00000000
0.00044088 -2.10810412 1.00000000
0.00045636 -2.10810362 1.00000000
0.00047238 -2.10810310 1.00000000
0.00048896 -2.10810257 1.00000000
0.00050613 -2.10810201 1.00000000
0.00052389 -2.10810144 1.00000000
0.00054228 -2.10810085 1.00000000
0.00056132 -2.10810023 1.00000000
0.00058102 -2.10809960 1.00000000
0.00060142 -2.10809894 1.00000000
0.00062253 -2.10809826 1.00000000
0.00064439 -2.10809755 1.00000000
0.00066701 -2.10809682 1.00000000
0.00069042 -2.10809607 1.00000000
0.00071466 -2.10809529 1.00000000
0.00073975 -2.10809448 1.00000000
0.00076572 -2.10809364 1.00000000
0.00079260 -2.10809277 1.00000000
0.00082042 -2.10809187 1.00000000
0.00084922 -2.10809095 1.00000000
0.00087903 -2.10808998 1.00000000
0.00090989 -2.10808899 1.00000000
0.00094183 -2.10808796 1.00000000
0.00097490 -2.10808689 1.00000000
0.00100912 -2.10808579 1.00000000
0.00104454 -2.10808465 1.00000000
0.00108121 -2.10808347 1.00000000
0.00111917 -2.10808224 1.00000000
0.00115845 -2.10808098 1.00000000
0.00119912 -2.10807967 1.00000000
0.00124122 -2.10807831 1.00000000
0.00128479 -2.10807691 1.00000000
0.00132989 -2.10807545 1.00000000
0.00137658 -2.10807395 1.00000000
0.00142490 -2.10807239 1.00000000
0.00147492 -2.10807078 1.00000000
0.00152670 -2.10806911 1.00000000
0.00158029 -2.10806739 1.00000000
0.00163577 -2.10806560 1.00000000
0.00169319 -2.10806375 1.00000000
0.00175263 -2.10806184 1.00000000
0.00181415 -2.10805986 1.00000000
0.00187784 -2.10805781 1.00000000
0.00194376 -2.10805568 1.00000000
0.00201199 -2.10805349 1.00000000
0.00208262 -2.10805122 1.00000000
0.00215573 -2.10804886 1.00000000
0.00223141 -2.10804643 1.00000000
0.00230974 -2.10804391 1.00000000
0.00239082 -2.10804130 1.00000000
0.00247475 -2.10803860 1.00000000
0.00256163 -2.10803581 1.00000000
0.00265155 -2.10803292 1.00000000
0.00274463 -2.10802993 1.00000000
0.00284098 -2.10802683 1.00000000
0.00294071 -2.10802362 1.00000000
0.00304395 -2.10802031 1.00000000
0.00315080 -2.10801688 1.00000000
0.00326141 -2.10801332 1.00000000
0.00337590 -2.10800965 1.00000000
0.00349441 -2.10800584 1.00000000
0.00361708 -2.10800191 1.00000000
0.00374405 -2.10799783 1.00000000
0.00387549 -2.10799361 1.00000000
0.00401153 -2.10798925 1.00000000
0.00415236 -2.10798473 1.00000000
0.00429812 -2.10798006 1.00000000
0.00444901 -2.10797523 1.00000000
0.00460519 -2.10797022 1.00000000
0.00476685 -2.10796504 1.00000000
0.00493419 -2.10795968 1.00000000
0.00510740 -2.10795414 1.00000000
0.00528670 -2.10794840 1.00000000
0.00547228 -2.10794246 1.00000000
0.00566438 -2.10793632 1.00000000
0.00586323 -2.10792996 1.00000000
0.00606906 -2.10792338 1.00000000
0.00628211 -2.10791657 1.00000000
0.00650264 -2.10790953 1.00000000
0.00673091 -2.10790224 1.00000000
0.00696719 -2.10789470 1.00000000
0.00721177 -2.10788690 1.00000000
0.00746494 -2.10787883 1.00000000
0.00772699 -2.10787047 1.00000000
0.00799825 -2.10786183 1.00000000
0.00827902 -2.10785289 1.00000000
0.00856965 -2.10784364 1.00000000
0.00887049 -2.10783407 1.00000000
0.00918188 -2.10782417 1.00000000
0.00950421 -2.10781393 1.00000000
0.00983785 -2.10780333 1.00000000
0.01018320 -2.10779237 1.00000000
0.01054068 -2.10778103 1.00000000
0.01091070 -2.10776930 1.00000000
0.01129372 -2.10775716 1.00000000
0.01169018 -2.10774461 1.00000000
0.01210056 -2.10773163 1.00000000
0.01252534 -2.10771820 1.00000000
0.01296504 -2.10770431 1.00000000
0.01342017 -2.10768994 1.00000000
0.01389128 -2.10767508 1.00000000
0.01437892 -2.10765971 1.00000000
0.01488369 -2.10764381 1.00000000
0.01540617 -2.10762737 1.00000000
0.01594700 -2.10761037 1.00000000
0.01650681 -2.10759279 1.00000000
0.01708628 -2.10757461 1.00000000
0.01768608 -2.10755581 1.00000000
0.01830694 -2.10753637 1.00000000
0.01894960 -2.10751627 1.00000000
0.01961482 -2.10749549 1.00000000
0.02030339 -2.10747400 1.00000000
0.02101613 -2.10745178 1.00000000
0.02175389 -2.10742881 1.00000000
0.02251755 -2.10740507 1.00000000
0.02330802 -2.10738053 1.00000000
0.02412623 -2.10735515 1.00000000
0.02497317 -2.10732893 1.00000000
0.02584985 -2.10730182 1.00000000
0.02675729 -2.10727381 1.00000000
0.02769660 -2.10724485 1.00000000
0.02866887 -2.10721493 1.00000000
0.02967528 -2.10718401 1.00000000
0.03071702 -2.10715206 1.00000000
0.03179532 -2.10711904 1.00000000
0.03291148 -2.10708493 1.00000000
0.03406682 -2.10704969 1.00000000
0.03526272 -2.10701328 1.00000000
0.03650061 -2.10697568 1.00000000
0.03778194 -2.10693683 1.00000000
0.03910826 -2.10689671 1.00000000
0.04048114 -2.10685527 1.00000000
0.04190221 -2.10681248 1.00000000
0.04337317 -2.10676829 1.00000000
0.04489576 -2.10672266 1.00000000
0.04647181 -2.10667555 1.00000000
0.04810318 -2.10662692 1.00000000
0.04979182 -2.10657672 1.00000000
0.05153973 -2.10652491 1.00000000
0.05334901 -2.10647143 1.00000000
0.05522181 -2.10641624 1.00000000
0.05716034 -2.10635929 1.00000000
0.05916693 -2.10630053 1.00000000
0.06124396 -2.10623992 1.00000000
0.06339390 -2.10617739 1.00000000
0.06561931 -2.10611290 1.00000000
0.06792284 -2.10604638 1.00000000
0.07030724 -2.10597780 1.00000000
0.07277535 -2.10590708 1.00000000
0.07533009 -2.10583418 1.00000000
0.07797452 -2.10575903 1.00000000
0.08071178 -2.10568158 1.00000000
0.08354513 -2.10560177 1.00000000
0.08647794 -2.10551953 1.00000000
0.08951371 -2.10543482 1.00000000
0.09265605 -2.10534755 1.00000000
0.09590869 -2.10525769 1.00000000
0.09927552 -2.10516515 1.00000000
0.10276054 -2.10506987 1.00000000
0.10636791 -2.10497180 1.00000000
0.11010190 -2.10487087 1.00000000
0.11396698 -2.10476702 1.00000000
0.11796773 -2.10466017 1.00000000
0.12210894 -2.10455027 1.00000000
0.12639551 -2.10443724 1.00000000
0.13083257 -2.10432103 1.00000000
0.13542539 -2.10420157 1.00000000
0.14017943 -2.10407879 1.00000000
0.14510037 -2.10395264 1.00000000
0.15019405 -2.10382304 1.00000000
0.15546654 -2.10368993 1.00000000
0.16092412 -2.10355326 1.00000000
0.16657328 -2.10341295 1.00000000
0.17242076 -2.10326896 1.00000000
0.17847351 -2.10312122 1.00000000
0.18473874 -2.10296967 1.00000000
0.19122391 -2.10281426 1.00000000
0.19793674 -2.10265493 1.00000000
0.20488521 -2.10249164 1.00000000
0.21207761 -2.10232433 1.00000000
0.21952250 -2.10215295 1.00000000
0.22722873 -2.10197747 1.00000000
0.23520549 -2.10179783 1.00000000
0.24346227 -2.10161400 1.00000000
0.25200890 -2.10142595 1.00000000
0.26085556 -2.10123364 1.00000000
0.27001277 -2.10103705 1.00000000
0.27949144 -2.10083614 1.00000000
0.28930286 -2.10063091 1.00000000
0.29945870 -2.10042133 1.00000000
0.30997106 -2.10020740 1.00000000
0.32085245 -2.09998912 1.00000000
0.33211582 -2.09976647 1.00000000
0.34377460 -2.09953948 1.00000000
0.35584264 -2.09930814 1.00000000
0.36833433 -2.09907249 1.00000000
0.38126454 -2.09883255 1.00000000
0.39464865 -2.09858834 1.00000000
0.40850261 -2.09833992 1.00000000
0.42284290 -2.09808732 1.00000000
0.43768661 -2.09783060 1.00000000
0.45305139 -2.09756984 1.00000000
0.46895555 -2.09730509 1.00000000
0.48541801 -2.09703645 1.00000000
0.50245839 -2.09676400 1.00000000
0.52009695 -2.09648786 1.00000000
0.53835472 -2.09620812 1.00000000
0.55725341 -2.09592492 1.00000000
0.57681553 -2.09563838 1.00000000
0.59706437 -2.09534867 1.00000000
0.61802404 -2.09505592 1.00000000
0.63971948 -2.09476033 1.00000000
0.66217654 -2.09446207 1.00000000
0.68542193 -2.09416135 1.00000000
0.70948335 -2.09385838 1.00000000
0.73438943 -2.09355340 1.00000000
0.76016983 -2.09324665 1.00000000
0.78685524 -2.09293840 1.00000000
0.81447743 -2.09262894 1.00000000
0.84306928 -2.09231858 1.00000000
0.87266483 -2.09200765 1.00000000
0.90329933 -2.09169649 1.00000000
0.93500923 -2.09138549 1.00000000
0.96783229 -2.09107505 1.00000000
1.00180759 -2.09076560 1.00000000
1.03697558 -2.09045760 1.00000000
1.07337813 -2.09015156 1.00000000
1.11105856 -2.08984800 1.00000000
1.15006176 -2.08954749 1.00000000
1.19043414 -2.08925065 1.00000000
1.23222378 -2.08895814 1.00000000
1.27548042 -2.08867066 1.00000000
1.32025556 -2.08838898 1.00000000
1.36660252 -2.08811390 1.00000000
1.41457646 -2.08784630 1.00000000
1.46423451 -2.08758714 1.00000000
1.51563578 -2.08733742 1.00000000
1.56884147 -2.08709822 1.00000000
1.62391492 -2.08687072 1.00000000
1.68092170 -2.08665616 1.00000000
1.73992967 -2.08645588 1.00000000
1.80100909 -2.08627129 1.00000000
1.86423267 -2.08610391 1.00000000
1.92967569 -2.08595533 1.00000000
1.99741606 -2.08582723 1.00000000
2.06753442 -2.08572134 1.00000000
2.14011425 -2.08563946 1.00000000
2.21524197 -2.08558343 1.00000000
2.29300700 -2.08555507 1.00000000
2.37350194 -2.08555617 1.00000000
2.45682262 -2.08558840 1.00000000
2.54306824 -2.08565329 1.00000000
2.63234146 -2.08575205 1.00000000
2.72474858 -2.08588553 1.00000000
2.82039961 -2.08605401 1.00000000
2.91940843 -2.08625706 1.00000000
3.02189290 -2.08649332 1.00000000
3.12797504 -2.08676024 1.00000000
3.23778115 -2.08705386 1.00000000
3.35144195 -2.08736844 1.00000000
3.46909276 -2.08769626 1.00000000
3.59087364 -2.08802730 1.00000000
3.71692959 -2.08834907 1.00000000
3.84741067 -2.08864643 1.00000000
3.98247223 -2.08890169 1.00000000
4.12227506 -2.08909480 1.00000000
4.26698561 -2.08920389 1.00000000
4.41677615 -2.08920599 1.00000000
4.57182502 -2.08907821 1.00000000
4.73231680 -2.08879909 1.00000000
4.89844258 -2.08835023 1.00000000
5.07040012 -2.08771800 1.00000000
5.24839416 -2.08689515 1.00000000
5.43263659 -2.08588210 1.00000000
5.62334677 -2.08468775 1.00000000
5.82075173 -2.08332947 1.00000000
6.02508651 -2.08183249 1.00000000
6.23659437 -2.08022832 1.00000000
6.45552710 -2.07855269 1.00000000
6.68214538 -2.07684312 1.00000000
6.91671898 -2.07513632 1.00000000
7.15952717 -2.07346599 1.00000000
7.41085904 -2.07186097 1.00000000
7.67101379 -2.07034408 1.00000000
7.94030116 -2.06893164 1.00000000
8.21904173 -2.06763354 1.00000000
8.50756736 -2.06645385 1.00000000
8.80622155 -2.06539168 1.00000000
9.11535985 -2.06444223 1.00000000
9.43535031 -2.06359790 1.00000000
9.76657389 -2.06284928 1.00000000
10.10942492 -2.06218598 1.00000000
10.46431157 -2.06159738 1.00000000
10.83165635 -2.06107314 1.00000000
11.21189660 -2.06060355 1.00000000
11.60548501 -2.06017979 1.00000000
12.01289015 -2.05979405 1.00000000
12.43459706 -2.05943954 1.00000000
12.87110780 -2.05911052 1.00000000
13.32294204 -2.05880218 1.00000000
13.79063771 -2.05851060 1.00000000
14.27475162 -2.05823261 1.00000000
14.77586013 -2.05796571 1.00000000
15.29455981 -2.05770794 1.00000000
15.83146821 -2.05745780 1.00000000
16.38722452 -2.05721419 1.00000000
16.96249041 -2.05697626 1.00000000
17.55795073 -2.05674344 1.00000000
18.17431441 -2.05651529 1.00000000
18.81231525 -2.05629154 1.00000000
19.47271281 -2.05607200 1.00000000
20.15629332 -2.05585657 1.00000000
20.86387060 -2.05564517 1.00000000
21.59628706 -2.05543780 1.00000000
22.35441466 -2.05523445 1.00000000
23.13915597 -2.05503515 1.00000000
23.95144526 -2.05483992 1.00000000
24.79224958 -2.05464881 1.00000000
25.66256995 -2.05446186 1.00000000
26.56344251 -2.05427913 1.00000000
27.49593979 -2.05410067 1.00000000
28.46117194 -2.05392655 1.00000000
29.46028812 -2.05375682 1.00000000
30.49447781 -2.05359154 1.00000000
31.56497224 -2.05343079 1.00000000
32.67304589 -2.05327464 1.00000000
33.82001794 -2.05312315 1.00000000
35.00725391 -2.05297640 1.00000000
36.23616725 -2.05283447 1.00000000
37.50822102 -2.05269744 1.00000000
38.82492964 -2.05256539 1.00000000
40.18786071 -2.05243842 1.00000000
41.59863683 -2.05231661 1.00000000
43.05893760 -2.05220005 1.00000000
44.57050154 -2.05208885 1.00000000
46.13512823 -2.05198311 1.00000000
47.75468041 -2.05188293 1.00000000
49.43108621 -2.05178842 1.00000000
51.16634147 -2.05169970 1.00000000
52.96251204 -2.05161688 1.00000000
54.82173635 -2.05154008 1.00000000
56.74622786 -2.05146944 1.00000000
58.73827775 -2.05140508 1.00000000
60.80025762 -2.05134714 1.00000000
62.93462234 -2.05129576 1.00000000
65.14391293 -2.05125109 1.00000000
67.43075965 -2.05121327 1.00000000
69.79788505 -2.05118247 1.00000000
72.24810728 -2.05115885 1.00000000
74.78434342 -2.05114256 1.00000000
77.40961295 -2.05113380 1.00000000
80.12704135 -2.05113273 1.00000000
82.93986380 -2.05113954 1.00000000
85.85142908 -2.05115442 1.00000000
88.86520349 -2.05117758 1.00000000
91.98477506 -2.05120921 1.00000000
95.21385773 -2.05124952 1.00000000
98.55629584 -2.05129874 1.00000000
102.01606869 -2.05135708 1.00000000
105.59729525 -2.05142479 1.00000000
109.30423909 -2.05150209 1.00000000
113.14131348 -2.05158924 1.00000000
117.11308657 -2.05168648 1.00000000
121.22428691 -2.05179409 1.00000000
125.47980902 -2.05191232 1.00000000
129.88471925 -2.05204146 1.00000000
134.44426181 -2.05218180 1.00000000
139.16386498 -2.05233362 1.00000000
144.04914762 -2.05249723 1.00000000
149.10592583 -2.05267294 1.00000000
154.34021988 -2.05286107 1.00000000
159.75826139 -2.05306195 1.00000000
165.36650072 -2.05327590 1.00000000
171.17161468 -2.05350329 1.00000000
177.18051446 -2.05374447 1.00000000
183.40035386 -2.05399979 1.00000000
189.83853783 -2.05426963 1.00000000
196.50273125 -2.05455438 1.00000000
203.40086808 -2.05485442 1.00000000
210.54116078 -2.05517016 1.00000000
217.93211013 -2.05550200 1.00000000
225.58251532 -2.05585038 1.00000000
233.50148441 -2.05621571 1.00000000
241.69844523 -2.05659843 1.00000000
250.18315653 -2.05699899 1.00000000
258.96571968 -2.05741786 1.00000000
268.05659061 -2.05785548 1.00000000
277.46659233 -2.05831235 1.00000000
287.20692777 -2.05878894 1.00000000
297.28919315 -2.05928574 1.00000000
307.72539176 -2.05980326 1.00000000
318.52794826 -2.06034199 1.00000000
329.70972347 -2.06090247 1.00000000
341.28402970 -2.06148521 1.00000000
353.26464654 -2.06209075 1.00000000
365.66583737 -2.06271961 1.00000000
378.50236621 -2.06337236 1.00000000
391.78951542 -2.06404952 1.00000000
405.54310382 -2.06475167 1.00000000
419.77950552 -2.06547936 1.00000000
434.51566948 -2.06623316 1.00000000
449.76913960 -2.06701363 1.00000000
465.55807569 -2.06782134 1.00000000
481.90127502 -2.06865688 1.00000000
498.81819474 -2.06952080 1.00000000
516.32897506 -2.07041369 1.00000000
534.45446315 -2.07133612 1.00000000
553.21623807 -2.07228866 1.00000000
572.63663634 -2.07327188 1.00000000
592.73877866 -2.07428635 1.00000000
613.54659731 -2.07533262 1.00000000
635.08486474 -2.07641126 1.00000000
657.37922301 -2.07752280 1.00000000
680.45621434 -2.07866779 1.00000000
704.34331270 -2.07984676 1.00000000
729.06895652 -2.08106022 1.00000000
754.66258255 -2.08230866 1.00000000
781.15466089 -2.08359259 1.00000000
808.57673130 -2.08491247 1.00000000
836.96144071 -2.08626875 1.00000000
866.34258213 -2.08766187 1.00000000
896.75513482 -2.08909223 1.00000000
928.23530600 -2.09056023 1.00000000
960.82057393 -2.09206621 1.00000000
994.54973250 -2.09361052 1.00000000
1029.46293747 -2.09519346 1.00000000
1065.60175424 -2.09681530 1.00000000
1103.00920733 -2.09847628 1.00000000
1141.72983163 -2.10017659 1.00000000
1181.80972540 -2.10191641 1.00000000
1223.29660518 -2.10369586 1.00000000
1266.23986253 -2.10551502 1.00000000
1310.69062293 -2.10737393 1.00000000
1356.70180656 -2.10927259 1.00000000
1404.32819135 -2.11121094 1.00000000
1453.62647820 -2.11318888 1.00000000
1504.65535843 -2.11520626 1.00000000
1557.47558372 -2.11726287 1.00000000
1612.15003842 -2.11935845 1.00000000
1668.74381437 -2.12149268 1.00000000
1727.32428846 -2.12366520 1.00000000
1787.96120280 -2.12587557 1.00000000
1850.72674776 -2.12812330 1.00000000
1915.69564794 -2.13040785 1.00000000
1982.94525108 -2.13272860 1.00000000
2052.55562021 -2.13508488 1.00000000
2124.60962892 -2.13747596 1.00000000
2199.19306002 -2.13990103 1.00000000
2276.39470773 -2.14235926 1.00000000
2356.30648331 -2.14484971 1.00000000
2439.02352454 -2.14737140 1.00000000
2524.64430896 -2.14992330 1.00000000
2613.27077112 -2.15250430 1.00000000
2705.00842394 -2.15511325 1.00000000
2799.96648433 -2.15774894 1.00000000
2898.25800318 -2.16041008 1.00000000
3000.00000000 -2.11275505 1.00000000
